-4
-5
-7
-6
-5
-7
-3
-9
-7
-7
-8
-5
-8
-9
-11
-11
-9
-13
-14
-17
-16
-16
-10
-14
-13
-19
-14
-11
-12
-13
-18
-12
-12
-9
-8
-12
-11
-11
-15
-12
-15
-14
-18
-12
-19
-13
-17
-11
-15
-13
-15
-15
-15
-17
-14
-16
-16
-15
-13
-16
-17
-16
-16
-15
-17
-16
-19
-15
-17
-16
-17
-17
-17
-16
-15
-14
-14
-15
-15
-16
-14
-15
-18
-17
-16
-16
-15
-15
-15
-16
-17
-17
-16
-17
-16
-17
-17
-16
-10
-10
-11
-11
-10
-11
-10
-11
-11
-13
-13
-13
-13
-13
-13
-13
-15
-13
-12
-12
-13
-15
-14
-14
-15
-13
-13
-11
-13
-12
-14
-13
-12
-11
-9
-10
-11
-9
-8
-9
-11
-10
-11
-11
-12
-12
-11
-11
-16
-17
-17
-18
-19
-18
-17
-17
-16
-16
-15
-16
-17
-17
-16
-16
-15
-16
-16
-16
-18
-16
-17
-15
-15
-14
-15
-15
-15
-16
-13
-14
-18
-18
-17
-18
-19
-18
-19
-18
-17
-17
-17
-18
-17
-18
-18
-19
-14
-13
-14
-14
-13
-14
-13
-13
-12
-13
-12
-12
-13
-12
-12
-12
-13
-13
-12
-13
-13
-12
-12
-13
-13
-13
-13
-13
-13
-13
-15
-14
-8
-7
-7
-6
-6
-6
-7
-6
-7
-6
-6
-6
-7
-7
-6
-6
-10
-11
-10
-10
-8
-7
-5
-4
-3
-2
-2
-2
-2
-2
-3
-4
-3
-3
-3
-3
-2
-1
-2
-3
-4
-4
-5
-4
-5
-6
-5
1
2
2
2
3
3
1
1
1
1
1
1
1
-1
-3
-4
-6
-6
-7
-6
-8
-9
-11
-12
-14
-14
-13
-13
-12
-10
-9
-9
-8
-8
-8
-7
-5
-5
-5
-6
-5
-5
-5
-5
-4
-3
-3
-2
-2
-3
-4
-5
-5
-5
-4
-4
-3
-4
-2
-3
-2
-1
-2
-1
0
0
-1
-1
-1
-1
-1
-1
-1
-3
-2
-2
-1
-1
-2
-1
-1
0
0
0
-1
-1
-1
-1
-1
-1
0
0
1
2
1
1
1
1
1
1
2
1
1
1
2
2
2
2
7
6
5
6
4
5
5
6
6
6
6
8
6
7
7
7
6
6
6
5
7
5
6
6
16
17
17
17
18
17
16
16
16
14
15
14
15
13
12
13
13
15
13
14
14
13
14
15
9
8
8
9
8
10
10
10
10
10
11
10
10
11
11
11
11
11
12
12
13
12
13
13
13
13
12
11
11
12
12
12
10
13
13
14
14
15
15
15
15
15
14
13
14
13
13
13
14
14
14
14
14
13
14
13
13
13
13
13
13
13
13
13
13
14
15
16
16
16
16
17
15
14
17
16
17
16
16
16
16
14
13
14
14
15
14
14
15
16
16
17
18
18
18
18
18
17
17
17
17
16
16
15
15
15
15
16
16
18
18
16
14
16
16
14
15
15
16
15
16
16
17
17
19
19
19
20
20
21
21
21
20
18
17
17
17
18
18
18
18
17
17
17
17
16
16
15
17
17
17
18
18
19
20
19
20
20
20
20
20
21
20
20
21
20
20
20
20
20
19
19
19
18
19
19
18
18
19
19
18
17
17
19
18
18
17
17
17
17
17
16
17
17
17
18
19
20
20
21
21
20
19
19
19
18
19
19
20
20
20
20
20
20
20
19
18
19
19
19
19
18
18
19
18
18
18
18
18
19
19
19
20
17
17
16
17
17
17
16
17
17
17
18
16
18
18
17
19
10
9
9
9
9
9
9
9
9
9
10
8
8
8
8
9
8
13
12
12
12
13
13
13
12
12
10
9
8
8
10
9
9
10
10
2
1
2
4
3
3
3
3
2
3
2
3
3
4
5
5
4
4
6
6
7
7
7
7
8
8
7
7
7
5
6
6
5
5
5
4
3
4
2
2
2
2
1
0
1
1
2
2
2
3
3
1
1
3
2
2
3
4
2
2
3
3
3
3
4
4
5
3
3
2
3
4
3
3
3
1
4
-4
-6
-6
-5
-1
0
0
-2
2
3
1
-7
-6
-6
-7
-6
-4
-5
-4
-5
-5
-5
-4
-6
-6
-6
-6
-5
-6
-6
-6
-5
-5
-4
-4
-10
-11
-11
-11
-11
-9
-10
-9
-8
-9
-10
-9
-5
-5
-4
-4
-3
-3
-3
-4
-3
-3
-4
-10
-9
-9
-10
-8
-8
-8
-8
-9
-8
-8
-8
-10
-10
-10
-10
-9
-8
-7
-8
-7
-7
-7
-8
11
4
2
6
2
4
6
2
-1
1
-2
-6
-5
-6
-3
-5
-6
-6
-6
-6
-5
-4
-5
-5
-5
-3
-2
-1
-1
-4
-5
-6
-7
-5
-5
-6
-4
3
4
5
4
3
2
2
2
3
3
2
0
1
2
0
0
0
0
-7
-5
-6
-6
-6
-4
-3
-3
-2
-3
-3
-3
-3
-12
-11
-13
-12
-11
-11
-11
-11
-11
-10
-10
-7
-9
-7
-9
-9
-10
-10
-10
-11
-11
-12
-10
-10
-10
-9
-9
-10
-11
-11
-13
-13
-13
-12
-11
-11
-12
-11
-11
-11
-11
-10
-10
-10
-10
-11
-12
-12
-10
-12
-13
-11
-11
-12
-11
-10
-11
-2
-3
-6
-8
-8
-10
-9
-8
-7
-5
-9
-4
-4
-1
1
-3
-3
-3
-1
-3
-3
0
-2
-2
-4
2
-2
-3
-2
0
-1
0
2
4
5
2
3
-2
1
5
6
-1
0
-1
-3
-2
-3
-3
-2
-1
-1
-1
-2
-5
-9
-10
-10
-8
-8
-10
-8
-8
-8
-5
-5
-8
-6
-7
-8
-9
-9
-11
-11
-12
-12
-11
-10
-9
-7
-6
-7
-7
-7
-7
-8
-9
-7
-8
-8
-2
-2
-2
-1
-1
-2
0
0
0
0
2
2
3
4
6
6
6
7
6
5
5
5
5
4
6
7
8
6
4
4
6
5
10
9
9
9
8
7
6
6
5
4
3
5
5
4
4
4
5
5
1
0
0
0
0
-1
1
2
3
0
0
2
1
1
0
0
-3
-2
-4
-3
-3
-4
-3
-5
-6
-6
-4
-1
0
-1
0
-1
-1
0
-1
0
0
1
0
0
0
-1
1
1
1
3
2
2
0
1
1
1
1
2
3
3
2
2
3
2
3
-1
0
0
0
0
0
0
-1
0
0
-1
-1
0
-1
0
0
-2
-1
0
-1
-1
-1
1
0
-1
-1
0
5
6
6
6
7
6
5
5
4
3
3
2
0
2
2
2
2
9
8
9
8
8
8
8
9
8
8
8
6
8
10
9
8
10
9
11
2
2
0
1
1
2
1
2
1
0
1
2
0
1
-1
-1
-3
-3
-3
-2
-2
-2
-1
-2
-2
-3
-3
-3
-3
-2
-3
-4
-3
1
1
0
0
-1
0
-1
-2
-1
-2
-1
-3
-1
-1
6
7
6
5
4
3
4
5
5
6
5
4
5
5
6
6
8
7
10
8
8
9
9
9
9
8
8
7
7
7
6
6
10
8
7
8
8
8
8
8
10
9
9
9
8
9
11
8
9
8
2
2
3
3
2
4
2
1
3
2
1
-1
0
1
0
3
3
3
-6
-4
-5
-4
-5
-3
-4
-4
-5
-5
-6
-3
-4
-4
-4
-6
-5
-6
-7
-8
-7
-7
-9
-10
-9
-10
-9
-11
-8
-9
-10
-10
-12
-11
-12
-13
-13
-13
-15
-14
-15
-15
-16
-14
-14
-12
-13
-14
-13
-12
-13
-12
-12
-11
-11
-15
-17
-15
-15
-15
-16
-16
-15
-14
-13
-12
-12
-12
-10
-14
-15
-15
-15
-15
-16
-15
-14
-14
-14
-14
-20
-20
-20
-19
-21
-20
-20
-20
-19
-19
-18
-19
-19
-19
-18
-18
-18
-17
-17
-17
-18
-17
-16
-15
-23
-23
-24
-27
-25
-23
-25
-26
-23
-22
-22
-26
-28
-27
-25
-27
-26
-25
-27
-28
-30
-27
-27
-19
-18
-15
-15
-16
-15
-15
-15
-15
-15
-17
-16
-23
-22
-23
-25
-25
-25
-25
-24
-24
-25
-24
-25
-15
-11
-16
-12
-8
-17
-23
-18
-19
-19
-14
-12
-17
-25
-22
-19
-22
-21
-22
-18
-12
-18
-12
-26
-27
-26
-25
-22
-25
-21
-17
-15
-18
-25
-19
-17
-14
-13
-15
-12
-15
-18
-18
-15
-14
-19
-21
-23
-21
-19
-21
-18
-16
-18
-17
-18
-18
-12
-14
-14
-14
-14
-13
-10
-9
-9
-11
-10
-6
-8
-8
-8
-8
-7
-5
-4
-8
-7
-9
-7
0
0
-1
-3
-7
-11
-6
-7
-8
-7
-5
-2
-16
-18
-17
-13
-13
-15
-12
-14
-14
-15
-12
-12
-13
-15
-10
-10
-12
-12
-15
-15
-16
-11
-6
-8
-23
-17
-15
-17
-21
-20
-24
-22
-21
-21
-18
-8
-8
-7
-8
-6
-6
-5
-6
-7
-7
-12
-12
-12
-10
-10
-13
-9
-13
-9
-12
-11
-12
-13
-13
-12
-11
-12
-16
-15
-16
-15
-17
-19
-18
-17
-14
-14
-14
-13
-14
-13
-14
-14
-16
-16
-17
-14
-7
-9
-8
-7
-8
-8
-7
-9
-9
-7
-8
-8
-10
-15
-13
-10
-11
-9
-10
-7
-6
-8
-9
-3
-1
1
-1
2
0
-2
-2
-3
0
2
0
-3
-2
-5
-1
-1
-3
-1
-3
-8
-6
-4
-4
-5
-18
-20
-17
-17
-18
-20
-23
-26
-23
-21
-20
-14
-14
-11
-13
-9
-10
-13
-11
-10
-14
-13
-14
-11
-7
-7
-4
-5
-8
-6
-7
-5
-4
-4
-2
-7
-5
-4
-6
-6
-6
-7
-8
-12
-13
-13
-14
-14
-15
-15
-11
-11
-8
-11
-9
-8
9
13
14
12
11
12
10
10
11
9
13
12
12
14
11
13
14
13
10
9
7
9
8
7
7
6
8
9
10
10
11
10
8
11
12
14
-8
-11
-8
-8
-8
-7
-11
-8
-7
-5
-6
-11
-8
-8
-8
-5
-7
-5
-7
-8
-7
-7
-15
-16
-15
-15
-15
-13
-13
-14
-14
-14
-14
-14
-19
-17
-13
-14
-14
-18
-18
-18
-18
-20
-17
-16
2
-2
0
0
1
1
2
4
3
3
5
4
4
5
5
6
-3
-2
-2
-2
-1
-2
-1
-3
0
-2
-5
-4
-13
-9
-4
0
-4
-12
-19
-15
0
2
-5
-4
1
16
32
16
14
9
1
24
32
33
35
39
27
31
49
45
36
46
46
34
27
25
28
25
20
21
25
32
38
40
33
28
24
22
18
23
-48
-64
-68
-74
-72
-61
-65
-64
-76
-81
-76
-34
-18
-4
-13
-28
-32
-34
-32
-28
-17
-14
-14
-16
16
11
9
16
14
10
15
20
17
19
18
15
17
15
17
18
14
62
60
60
54
47
36
45
56
56
47
58
61
62
67
67
68
61
51
31
48
15
3
22
26
-4
7
-14
-45
-39
-19
12
44
-15
-10
-11
-9
-4
-2
3
2
-10
-15
-22
-15
-15
29
22
13
10
11
10
13
19
22
23
19
14
23
21
17
11
6
13
69
65
66
67
68
66
62
70
69
60
55
54
60
67
69
65
67
54
47
56
62
61
54
52
58
67
57
58
50
52
53
46
54
57
25
19
23
25
21
11
19
27
36
43
40
43
44
32
25
18
19
27
25
8
3
1
-7
0
4
6
1
2
1
5
4
-4
-9
-5
31
33
34
30
32
32
36
37
40
44
38
39
39
51
52
47
79
82
83
76
77
78
74
73
74
74
70
70
69
71
77
71
68
70
90
84
85
82
86
88
84
84
76
71
71
77
80
77
69
70
78
84
-13
-8
-3
-3
-4
-7
-11
-14
-13
-10
-11
-1
-21
-34
32
15
6
-7
-47
-44
10
20
7
19
85
81
85
79
75
79
64
55
49
55
66
67
65
54
54
66
70
74
73
80
71
77
91
94
92
97
98
77
78
65
73
82
78
78
74
79
-17
-10
-6
-2
-10
-14
-12
-13
-23
-21
-20
-26
-40
-43
-33
-32
-39
-44
-45
-43
-39
-34
-35
-43
-47
-53
-50
-50
-53
-50
-54
-56
-57
-60
-59
-32
-29
-33
-29
-22
-19
-18
-18
-17
-17
-20
-24
21
18
17
20
20
22
24
28
27
31
30
31
27
30
30
31
31
28
27
29
25
25
29
29
32
35
37
42
37
39
40
39
39
41
36
32
30
26
29
32
34
38
36
39
36
37
34
-44
-42
-39
-39
-40
-40
-45
-50
-52
-56
-59
-60
-82
-86
-87
-89
-89
-89
-87
-87
-83
-83
-84
-27
-29
-26
-28
-28
-31
-33
-33
-31
-31
-29
33
33
31
29
27
30
29
32
30
30
31
28
29
28
31
30
31
34
42
43
43
43
46
42
44
43
43
42
43
42
43
44
43
42
45
46
-17
-14
-15
-17
-21
-20
-19
-19
-18
-22
-23
-19
-85
-80
-79
-83
-89
-96
-105
-111
-113
-111
-102
-4
-1
0
1
-1
-6
-8
-8
-10
-11
-14
-13
-12
-35
-36
-41
-40
-39
-39
-38
-38
-39
-41
-41
-39
-12
-12
-14
-15
-16
-18
-18
-18
-18
-16
-17
-9
-9
-7
-8
-10
-11
-11
-10
-7
-8
-8
-27
-26
-24
-21
-24
-26
-26
-27
-24
-22
-25
-30
-37
-10
11
25
11
-4
-30
-45
-65
-41
-12
-23
-29
-33
-23
-25
-33
-42
-35
-24
-13
-3
-1
-5
-8
-78
-69
-66
-64
-78
-78
-71
-78
-67
-65
-58
-55
-63
-51
-46
-47
-59
-63
-65
-58
-52
-53
-50
-32
-24
-27
-32
-27
-29
-31
-33
-33
-35
-43
-49
-1
-4
-4
-5
-13
-40
-34
-25
-16
-20
-43
-39
-34
-44
-51
-62
-58
-63
-72
-60
261
276
289
300
309
313
311
308
298
287
274
253
235
215
192
166
140
113
-381
-374
-363
-346
-320
-284
-241
-188
-127
-65
8
80
154
554
537
512
474
411
334
245
153
57
-40
-134
-214
-281
-331
217
83
-52
-182
-306
-404
-488
-560
-614
-650
-668
-685
-694
392
458
518
565
605
632
635
633
617
581
524
451
372
286
192
101
15
169
239
305
364
413
455
485
504
504
493
470
434
377
306
226
138
50
-43
-272
-219
-161
-106
-41
21
86
164
234
298
356
424
493
557
292
349
394
437
476
509
551
592
631
642
645
652
655
660
637
585
520
-102
-84
-77
-59
-40
-21
12
40
64
100
134
167
200
242
285
37
-2
-38
-64
-85
-102
-110
-117
-121
-117
-110
-101
604
572
528
481
427
367
311
253
199
147
98
60
32
8
-15
-29
145
111
81
54
30
12
4
5
6
10
16
23
39
64
93
115
138
648
682
715
754
789
817
838
857
876
891
899
884
862
845
815
784
742
690
9
-17
-37
-48
-55
-50
-36
-15
8
35
65
103
143
187
236
729
743
745
735
716
685
641
589
528
461
388
313
238
166
99
39
-14
-20
8
41
83
129
183
237
295
354
415
482
546
607
669
726
778
823
865
897
917
927
926
915
892
852
804
747
680
604
578
494
410
329
253
183
123
74
35
7
-11
-17
-18
-9
8
35
67
16
40
71
106
148
194
244
298
354
413
476
537
596
655
710
762
368
416
466
517
565
614
660
705
744
781
815
842
865
881
887
886
875
362
405
451
497
541
584
628
667
706
740
770
796
815
825
829
825
811
788
32
54
81
109
139
174
211
250
290
331
372
414
456
495
534
572
609
640
300
248
199
154
115
81
53
32
20
15
17
22
35
48
65
85
555
586
613
639
660
675
682
682
676
661
639
611
578
538
492
441
387
89
122
157
192
230
266
304
341
379
416
451
487
519
551
578
604
625
640
-106
-68
-25
20
68
118
171
224
278
332
384
436
484
529
568
602
332
390
443
490
533
570
598
617
626
624
611
586
546
502
449
387
320
-196
-181
-157
-120
-79
-31
23
82
146
212
275
340
403
466
-177
-208
-227
-232
-224
-211
-191
-159
-118
-70
-19
41
593
536
466
390
305
216
119
22
-64
-147
-224
-292
-349
-393
-421
-555
-521
-473
-415
-350
-276
-198
-116
-31
56
144
239
-247
-168
-91
-16
68
148
230
311
399
467
534
595
649
692
-183
-116
-48
23
92
160
229
303
371
443
503
555
613
659
695
720
739
-243
-179
-113
-41
33
103
176
252
326
402
469
528
590
646
691
-125
-59
9
79
153
227
302
376
439
501
559
607
642
669
681
396
352
299
239
175
111
49
-10
-74
-129
-177
-219
-258
-286
-302
345
383
415
440
452
461
462
450
426
397
361
319
270
216
167
122
73
25
430
447
454
455
446
427
401
365
325
280
229
176
128
79
32
-12
332
366
393
418
431
433
429
420
399
369
328
286
242
189
135
82
87
128
168
208
248
287
323
357
382
405
421
432
436
431
419
398
369
337
299
-210
-196
-177
-149
-117
-81
-45
-4
41
85
127
169
211
251
437
400
359
311
260
209
156
106
57
15
-25
-62
-92
-119
-137
-242
-257
-262
-260
-255
-243
-224
-201
-175
-144
-108
47
-2
-49
-97
-138
-177
-207
-236
-257
-272
-281
-284
-61
-32
-3
27
60
91
120
152
183
214
241
268
293
317
336
352
116
154
187
221
256
290
321
345
367
390
406
412
416
416
412
398
378
-193
-212
-231
-247
-258
-269
-275
-278
-277
-277
-257
194
217
238
244
258
262
265
266
261
251
242
233
215
200
181
162
149
128
-100
-118
-141
-161
-177
-198
-211
-220
-232
-241
-228
-229
-221
-203
-189
-168
-138
-121
-91
-46
-17
14
54
-96
-132
-168
-196
-221
-245
-268
-282
-294
-304
-311
142
79
14
-52
-113
-168
-225
-275
-321
-359
-394
-411
-429
-245
-200
-150
-97
-42
11
66
119
171
223
270
315
359
400
430
-151
-118
-81
-40
2
43
89
132
175
215
253
287
319
344
366
157
117
82
46
7
-28
-65
-99
-126
-154
-178
-192
-205
205
208
202
191
166
142
114
79
40
0
-41
-80
-119
-161
-198
-517
-493
-457
-412
-375
-342
-295
-246
-198
-152
-108
-71
-274
-204
-131
-60
16
91
160
232
297
361
422
475
515
553
577
-378
-321
-261
-200
-139
-76
-15
45
103
158
211
264
305
-651
-648
-635
-610
-580
-550
-510
-462
-411
-354
-296
-238
-173
-551
-582
-605
-625
-635
-637
-634
-623
-603
-581
-552
-515
-404
-425
-440
-449
-454
-452
-441
-428
-412
-386
-359
-114
-72
-29
13
53
89
120
143
162
174
175
170
155
133
103
-362
-371
-374
-368
-359
-345
-323
-298
-265
-230
-193
-152
-107
89
65
33
-3
-41
-82
-124
-166
-209
-247
-282
-314
-340
-366
-360
-345
-327
-306
-281
-251
-219
-181
-143
-104
-359
-338
-313
-284
-253
-220
-182
-146
-109
-69
-34
-42
-82
-122
-160
-196
-230
-256
-279
-297
-311
-319
-320
74
101
128
153
177
198
219
238
254
270
281
289
295
298
296
291
279
266
249
227
204
178
149
120
91
60
28
-2
-25
1
28
54
80
108
136
161
186
209
229
248
261
272
279
280
-232
-240
-245
-242
-236
-226
-213
-196
-178
-159
-135
-113
-88
140
152
162
169
172
170
163
158
143
128
109
87
64
39
13
-15
-43
-241
-232
-217
-199
-180
-157
-132
-105
-76
-45
-16
156
172
189
200
208
214
211
207
200
184
168
151
127
101
73
45
-167
-193
-217
-234
-248
-257
-259
-257
-253
-241
-225
-209
315
332
349
359
362
361
352
338
320
298
272
244
212
176
143
104
61
22
429
429
419
395
372
336
295
252
199
147
95
40
-16
-68
-119
-211
-230
-240
-243
-247
-237
-218
-198
-170
-137
-101
366
360
337
311
278
236
192
145
90
41
-11
-63
-106
-152
-192
-228
84
118
144
167
180
177
173
153
124
92
47
-5
-52
-113
-170
-223
-142
-75
-3
56
120
169
224
265
292
311
322
324
307
279
236
-500
-560
-613
-637
-661
-678
-679
-670
-645
-612
-578
-341
-254
-163
-68
19
109
192
261
333
390
431
462
480
478
470
440
497
542
576
605
612
601
584
546
498
446
375
296
210
113
14
-85
-192
516
513
500
473
441
396
340
279
208
130
47
-39
-126
-211
-295
321
276
220
163
103
40
-25
-84
-144
-197
-241
-281
-310
-333
-348
-355
-348
-341
-130
-84
-38
10
57
107
148
188
224
252
277
292
299
299
292
272
-204
-205
-202
-192
-181
-162
-141
-116
-85
-52
-20
-93
-123
-149
-174
-193
-206
-213
-217
-214
-206
-195
-138
-176
-215
-250
-280
-309
-332
-350
-361
-366
-363
-358
319
301
276
244
208
168
124
76
29
-17
-63
-105
-143
-176
-203
187
233
274
316
354
388
420
447
467
485
494
499
498
489
472
453
426
-179
-200
-215
-224
-225
-225
-218
-202
-185
-161
-133
-69
-31
8
46
87
125
164
200
236
268
296
320
341
357
367
370
152
173
191
206
220
230
238
243
243
239
232
222
206
186
163
139
111
82
-171
-149
-124
-96
-69
-41
-9
22
52
83
112
141
170
-203
-173
-147
-122
-95
-74
-51
-31
-13
4
20
30
40
-75
-59
-38
-18
9
35
66
95
122
151
181
211
242
272
298
328
-368
-360
-348
-330
-310
-286
-260
-231
-198
-169
-137
-107
-124
-132
-135
-136
-132
-125
-113
-101
-86
-68
-45
-230
-224
-210
-195
-179
-161
-139
-117
-95
-70
-47
190
218
246
270
292
308
320
328
331
330
322
311
292
270
245
213
177
137
-34
-8
22
45
66
98
124
149
173
192
211
231
252
261
265
266
258
249
255
266
263
262
245
224
198
170
136
100
65
20
-18
-57
-90
-128
-158
-178
-96
-70
-40
-1
33
68
96
116
137
160
176
185
185
177
170
159
-161
-132
-96
-60
-26
12
50
86
121
151
174
191
203
209
212
205
-469
-453
-426
-395
-362
-323
-281
-240
-192
-145
-104
233
230
217
197
166
128
86
35
-20
-76
-138
-199
-258
-319
305
324
336
339
335
321
302
274
239
197
149
93
31
-32
-96
-163
-644
-607
-566
-521
-474
-425
-374
-319
-269
-216
-163
-113
235
224
202
176
141
98
50
-4
-63
-124
-185
-248
-304
-359
-46
-16
11
33
54
68
79
86
86
83
76
60
42
17
-14
100
100
96
89
78
60
38
13
-13
-46
-77
-108
-138
-168
-196
-228
-224
-218
-207
-193
-180
-165
-147
-128
-111
-92
-75
-74
-90
-106
-121
-138
-151
-165
-175
-183
-191
-195
4
14
24
33
38
43
42
41
35
27
17
5
-10
-25
-39
-224
-225
-223
-220
-212
-204
-195
-184
-172
-160
-146
-134
-12
-5
-1
0
-3
-9
-17
-28
-41
-57
-72
-89
-107
-209
-219
-229
-236
-241
-245
-248
-248
-246
-243
-240
-80
-76
-72
-67
-63
-61
-58
-55
-52
-50
-46
-256
-256
-258
-259
-260
-261
-263
-264
-265
-266
-266
-269
-252
-252
-252
-251
-252
-250
-249
-249
-249
-249
-249
-248
82
80
78
77
74
71
67
64
60
56
54
50
47
42
39
37
32
29
27
23
20
-378
-371
-363
-357
-349
-342
-335
-327
-319
-311
-302
-293
-28
-30
-34
-37
-39
-43
-46
-51
-56
-61
-66
-73
-9
-22
-36
-51
-66
-82
-95
-109
-122
-136
-148
56
57
58
59
60
58
58
58
56
53
52
50
49
47
45
42
39
191
202
211
217
221
221
219
214
205
194
179
162
141
117
92
62
31
114
151
187
219
251
282
310
334
352
370
384
394
396
396
393
382
369
349
327
266
295
324
350
365
379
387
390
386
375
357
336
309
272
232
187
121
65
7
-55
-117
-177
-236
-291
-341
-384
-419
-446
-186
-141
-91
-40
10
57
103
143
185
219
243
265
281
289
289
280
298
332
361
380
391
396
388
369
345
310
266
215
155
92
24
-48
-119
202
164
116
65
6
-54
-117
-182
-245
-305
-359
-405
-446
219
270
319
359
395
421
442
455
456
450
432
405
367
319
261
196
123
-696
-680
-656
-623
-592
-558
-516
-470
-420
-372
-326
-271
131
182
235
273
307
337
358
375
377
365
353
330
291
246
189
127
57
-25
-417
-465
-503
-530
-551
-561
-566
-563
-558
-547
-525
-167
-118
-72
-24
21
71
123
167
209
252
292
325
352
371
-141
-197
-251
-302
-346
-385
-414
-437
-454
-464
-466
-465
-460
-448
-435
-413
-393
-276
-326
-368
-405
-435
-457
-469
-474
-470
-461
-444
-228
-215
-203
-186
-169
-151
-131
-114
-93
-72
-53
-69
-39
-8
20
48
72
94
109
121
128
127
122
110
90
64
36
45
31
13
-8
-34
-60
-90
-122
-156
-189
-222
-252
-280
153
152
146
135
116
92
63
30
-11
-56
-102
-149
-199
-247
-590
-590
-583
-571
-554
-535
-507
-473
-445
-411
-378
-392
-401
-405
-400
-393
-376
-354
-329
-299
-266
-232
-194
-124
-166
-207
-246
-285
-320
-354
-382
-405
-424
-437
-445
113
93
70
43
14
-19
-52
-88
-124
-160
-195
-229
-261
196
205
212
218
219
217
211
202
191
174
154
129
102
69
35
-2
27
50
70
90
107
123
135
143
151
156
157
152
148
137
125
107
86
-187
-149
-114
-80
-46
-13
17
47
73
98
120
138
154
168
178
-479
-441
-399
-355
-313
-264
-217
-169
-118
-70
-22
24
-610
-599
-588
-571
-551
-525
-499
-463
-421
-382
-340
-630
-633
-631
-617
-606
-586
-562
-538
-509
-469
-431
-392
-390
-372
-357
-340
-319
-291
-254
-222
-184
-144
-94
-51
25
79
128
171
217
260
300
340
371
405
429
442
455
457
449
435
-108
-164
-218
-265
-306
-341
-372
-389
-407
-416
-417
34
-7
-53
-106
-163
-223
-282
-340
-399
-450
-493
-532
-558
-573
-576
-571
-561
-546
-522
-494
-463
-121
-83
-48
-11
25
58
90
118
143
159
172
175
174
164
44
-1
-51
-106
-164
-225
-286
-345
-400
-452
-497
-532
-196
-249
-307
-365
-424
-482
-538
-587
-630
-663
-687
-700
56
95
133
174
213
249
286
322
352
382
406
424
435
441
439
437
426
249
254
256
248
234
210
181
146
100
47
-9
-67
-130
-193
-255
-4
-66
-129
-194
-258
-316
-368
-415
-456
-488
-512
-452
-476
-494
-506
-508
-504
-495
-482
-461
-438
-410
69
98
127
155
180
202
221
234
244
249
250
247
239
226
209
186
158
128
4
16
27
38
45
51
55
58
57
54
48
39
28
14
-2
-21
54
51
46
40
34
26
18
9
0
-11
-21
-32
-45
-55
-51
-45
-40
-35
-29
-24
-19
-14
-7
-3
1
6
11
-335
-342
-345
-349
-351
-353
-356
-359
-363
-368
-373
-378
-178
-173
-169
-161
-155
-148
-141
-135
-128
-122
-115
53
49
44
40
36
30
26
21
16
10
6
1
-4
-9
-15
-198
-192
-189
-185
-181
-177
-174
-170
-167
-163
-160
-156
-28
-29
-31
-33
-34
-35
-36
-38
-39
-40
-42
-43
18
22
24
26
30
32
34
37
39
43
46
48
50
52
53
55
56
101
99
98
97
96
94
92
92
90
89
87
85
83
82
81
80
79
77
75
73
71
69
69
67
67
65
65
62
61
59
46
47
49
50
52
53
53
54
55
57
58
60
61
62
63
66
67
68
72
71
71
70
71
71
70
71
72
72
73
74
76
78
79
81
11
9
11
10
14
14
17
20
24
27
34
37
42
48
53
59
64
228
241
257
266
284
295
304
316
322
327
329
332
335
332
327
320
314
304
48
53
58
67
75
84
96
107
119
134
147
161
172
181
197
206
216
222
-68
-51
-31
-10
11
30
52
75
92
113
130
148
165
178
189
220
228
236
243
248
254
254
256
254
252
244
234
222
205
188
164
191
215
234
252
274
288
301
316
324
329
332
329
329
322
309
295
274
249
154
97
39
-20
-75
-131
-177
-219
-255
-284
-307
-323
-334
197
205
204
202
194
179
160
134
103
71
34
-5
-45
-86
-126
-12
32
75
117
156
192
227
255
279
298
314
321
323
317
304
287
-329
-344
-353
-351
-346
-332
-310
-289
-259
-228
-197
-158
-120
-80
-37
7
53
95
146
191
230
276
319
358
393
419
447
471
483
498
522
540
558
569
565
560
548
527
497
456
408
359
301
233
165
95
286
237
181
116
52
-15
-83
-153
-221
-281
-336
-386
-432
-466
-487
-496
-503
-500
-488
-467
-439
-414
-378
-335
-569
-545
-513
-483
-445
-400
-357
-311
-269
-220
-172
-127
-136
-92
-49
-5
42
82
122
161
196
231
264
292
322
350
372
279
302
324
343
354
362
363
354
345
327
306
282
249
210
167
116
-50
-96
-141
-184
-226
-261
-292
-315
-332
-344
-346
-343
-332
-129
-105
-84
-62
-41
-21
-1
18
37
53
69
82
96
108
-3
-9
-14
-19
-25
-30
-35
-41
-47
-51
-55
-59
-127
-128
-128
-130
-131
-131
-133
-133
-134
-134
-133
-122
-119
-117
-113
-111
-108
-105
-103
-99
-97
-92
-31
-33
-36
-36
-37
-38
-42
-42
-48
-50
-48
-48
-52
-81
-84
-85
-86
-88
-90
-90
-90
-91
-91
-91
-94
-93
-93
-93
-94
-93
-93
-92
-93
-93
-93
-71
-70
-69
-72
-73
-73
-75
-75
-75
-76
-77
-78
-78
-48
-47
-47
-46
-47
-45
-42
-39
-37
-39
-38
-39
22
22
26
26
28
31
32
32
35
38
42
43
39
35
33
33
-11
-13
-16
-16
-16
-18
-16
-13
-13
-13
-16
-29
-31
-31
-29
-29
-25
-27
-30
-31
-32
-31
-30
-59
-52
-56
-61
-67
-67
-67
-62
-58
-62
-62
-67
-54
-60
-84
-69
-41
-36
-59
-68
-61
-63
-50
-56
-73
-73
-60
-50
-48
-50
-38
-64
-60
-52
-59
-69
-58
-51
-53
-58
-70
-64
-54
-46
-51
-67
-79
-62
-51
-44
-56
-63
-77
-84
-63
-65
-63
-59
-70
-75
-67
-62
-57
-46
-60
-72
-80
-75
-69
-60
-54
-58
-83
-76
-71
-52
-59
-63
-64
-59
-51
-56
-59
-54
-55
-68
-64
-34
-24
-25
-34
-47
-56
-44
-27
-32
-36
-55
-57
-43
-44
-44
-44
-41
-41
-45
-47
-46
-47
-45
-56
-56
-58
-59
-57
-55
-53
-52
-53
-53
-54
-76
-75
-74
-74
-75
-75
-76
-74
-75
-75
-75
-75
-102
-103
-103
-104
-104
-103
-102
-104
-104
-104
-102
-100
-139
-139
-138
-136
-136
-135
-136
-135
-134
-135
-133
-133
-160
-160
-159
-159
-158
-157
-157
-159
-159
-161
-162
-172
-171
-171
-170
-168
-168
-170
-168
-165
-168
-169
-170
-169
-168
-168
-167
-168
-169
-171
-172
-171
-170
-170
-170
-151
-150
-148
-150
-150
-149
-152
-153
-153
-152
-151
-118
-118
-117
-115
-117
-115
-115
-117
-117
-117
-116
-78
-78
-79
-80
-78
-80
-80
-79
-80
-79
-80
-78
-70
-73
-73
-71
-70
-68
-69
-68
-65
-65
-64
-64
-43
-45
-46
-46
-46
-45
-46
-44
-46
-44
-43
-34
-36
-35
-35
-35
-36
-36
-37
-37
-36
-35
-33
-33
-33
-34
-35
-35
-34
-34
-33
-33
-34
-32
-30
-30
-30
-29
-30
-30
-28
-30
-28
-28
-28
-30
-36
-35
-33
-33
-34
-35
-35
-37
-35
-37
-36
-22
-22
-21
-21
-18
-21
-20
-21
-23
-25
-26
-27
-28
-28
-22
-22
-22
-21
-21
-22
-21
-23
-21
-21
-21
-24
-20
-20
-21
-21
-21
-21
-21
-22
-22
-23
-23
-9
-9
-9
-9
-11
-13
-14
-12
-13
-12
-12
-5
-4
-5
-5
-5
-6
-6
-6
-6
-6
-6
-4
0
0
-1
0
0
0
-1
0
0
-1
-1
2
2
2
2
2
8
10
8
8
6
7
6
6
5
5
6
6
4
6
6
8
7
6
6
6
7
7
6
6
5
6
5
5
5
4
5
6
6
-7
-7
-7
-8
-7
-6
-8
-9
-10
-10
-10
-10
-19
-18
-17
-17
-16
-17
-18
-18
-17
-17
-16
-17
-15
-26
-24
-27
-25
-25
-22
-21
-24
-22
-22
-22
-12
-12
-13
-13
-13
-13
-12
-12
-12
-12
-13
8
9
10
10
10
9
7
7
8
10
10
8
8
7
7
6
5
7
16
17
18
18
16
18
17
16
16
15
15
15
16
17
17
19
18
18
12
11
12
12
11
12
11
12
13
14
15
13
14
13
13
14
0
0
0
-1
-1
-1
-3
-3
-5
-5
-4
-4
-31
-31
-30
-31
-31
-32
-33
-33
-34
-34
-36
-35
-50
-49
-51
-50
-51
-51
-51
-51
-49
-50
-51
-52
-80
-77
-78
-79
-79
-79
-79
-79
-80
-81
-81
-99
-99
-100
-98
-99
-101
-100
-101
-102
-102
-102
-101
-102
-100
-100
-131
-131
-131
-131
-131
-128
-128
-127
-129
-129
-129
-128
-152
-152
-152
-152
-152
-153
-155
-154
-153
-151
-152
-173
-175
-175
-174
-174
-176
-176
-176
-176
-175
-176
-175
-173
-174
-175
-175
-176
-177
-177
-176
-180
-180
-178
-183
-184
-185
-186
-185
-184
-185
-185
-185
-186
-185
-182
-183
-185
-185
-183
-184
-186
-185
-188
-188
-189
-187
-188
-205
-204
-198
-192
-185
-179
-174
-173
-173
-173
-175
-184
-184
-183
-182
-182
-183
-183
-183
-182
-181
-180
-180
-176
-176
-176
-176
-176
-175
-176
-174
-172
-171
-170
-169
-171
-173
-172
-175
-175
-177
-179
-178
-175
-173
-176
-167
-166
-165
-166
-164
-164
-162
-164
-161
-163
-162
-151
-153
-153
-153
-154
-156
-154
-152
-153
-156
-156
-153
-157
-157
-158
-158
-158
-156
-158
-159
-161
-161
-161
-162
-143
-143
-141
-142
-142
-141
-141
-141
-138
-138
-137
-135
-133
-133
-135
-135
-133
-135
-132
-133
-132
-133
-135
-134
-133
-132
-133
-133
-134
-133
-134
-134
-134
-136
-119
-119
-119
-120
-122
-121
-124
-123
-123
-124
-124
-124
-99
-99
-99
-97
-97
-98
-97
-97
-99
-98
-100
-101
-91
-92
-92
-92
-92
-91
-92
-92
-93
-91
-90
-73
-73
-68
-72
-79
-77
-78
-78
-68
-69
-73
-69
-67
-66
-69
-69
-69
-70
-72
-72
-72
-70
-66
-68
-70
-69
-69
-70
-70
-65
-66
-69
-68
-67
-68
-66
-65
-65
-65
-65
-65
-64
-63
-62
-62
-62
-55
-55
-54
-53
-53
-51
-53
-53
-53
-53
-54
-54
-52
-51
-51
-53
-52
-51
-51
-53
-54
-53
-54
-54
-61
-61
-61
-60
-60
-59
-59
-58
-59
-58
-59
-64
-65
-65
-66
-66
-66
-64
-64
-65
-64
-62
-58
-57
-59
-60
-60
-61
-61
-63
-63
-63
-63
-61
-56
-52
-54
-62
-77
-73
-65
-67
-66
-61
-61
-67
-56
-57
-54
-51
-47
-48
-50
-49
-51
-52
-55
-55
-43
-47
-44
-44
-46
-48
-38
-37
-33
-43
-47
-36
-37
-34
-35
-34
-35
-32
-28
-28
-32
-34
-32
-29
-29
-26
-27
-26
-25
-25
-23
-24
-26
-28
-16
-16
-15
-23
-30
-30
-30
-30
-23
-22
-16
-16
-16
-10
-7
-10
-9
-11
-14
-12
-13
-7
-5
-3
-5
3
7
10
4
4
5
5
1
2
2
3
4
3
6
7
12
11
8
6
5
7
10
10
0
9
7
5
4
7
6
5
3
3
13
13
11
24
23
23
24
26
27
28
27
25
27
25
23
25
24
25
25
40
37
35
35
35
36
36
37
37
34
32
33
34
35
35
35
36
46
46
45
45
45
44
45
45
46
46
44
43
41
41
42
43
41
39
56
55
56
56
57
55
55
56
55
55
57
57
58
57
57
57
58
57
57
59
58
58
63
64
65
64
64
63
65
64
65
65
66
66
65
66
67
65
64
72
72
73
72
72
72
72
72
72
72
74
75
75
74
73
75
76
79
78
77
76
76
75
77
77
77
78
79
79
78
79
78
79
78
78
84
85
86
84
84
83
83
83
83
84
84
83
83
83
84
83
82
84
83
83
82
83
84
83
83
83
84
84
85
84
84
84
85
85
88
87
87
88
88
87
88
88
89
88
88
90
88
90
89
89
88
88
97
97
98
97
97
98
97
96
95
95
95
95
93
92
94
93
92
92
95
95
95
96
96
97
97
99
98
99
100
99
99
99
99
99
97
93
94
95
95
97
96
97
97
97
97
97
96
96
95
95
96
95
93
93
94
93
92
92
94
94
93
93
94
94
95
94
95
95
95
96
97
87
86
89
88
89
89
90
90
90
90
91
91
92
92
91
90
92
92
89
88
88
89
88
89
89
88
88
87
86
86
85
86
86
87
87
86
87
87
87
87
87
87
87
87
87
87
88
88
88
87
88
88
88
89
89
88
89
88
88
88
88
88
88
88
88
87
88
87
88
87
86
86
86
86
87
87
86
86
87
87
88
87
87
86
85
87
86
86
86
86
84
85
86
86
84
84
84
85
85
84
86
86
87
86
85
84
84
84
84
83
81
82
82
83
83
84
90
90
90
90
90
91
91
92
91
91
92
92
91
90
91
90
90
90
87
86
88
88
89
88
89
89
90
88
88
88
87
89
88
88
88
87
88
94
95
95
95
95
93
93
93
94
93
93
93
94
95
95
94
96
87
87
87
87
88
88
89
90
89
91
90
91
90
90
89
89
89
88
87
89
88
89
87
88
88
88
89
88
89
88
87
88
89
88
88
79
78
78
78
78
79
78
79
79
80
81
83
82
84
83
83
84
83
78
78
77
78
79
81
82
81
82
81
80
80
80
80
79
79
79
81
80
81
80
79
81
81
81
80
81
82
81
82
81
81
82
81
78
77
77
77
78
77
77
79
79
80
79
81
81
79
79
77
77
77
76
77
77
77
78
77
77
76
77
75
74
74
73
73
73
74
75
75
75
75
76
75
74
76
76
77
76
77
77
77
77
77
78
77
78
77
75
76
78
77
77
77
78
78
78
77
77
76
75
75
74
74
74
73
74
74
75
74
75
75
75
75
76
75
75
75
75
75
75
75
76
77
77
76
76
76
76
76
76
75
76
77
78
79
79
79
78
78
77
77
77
77
78
79
78
80
81
81
82
78
78
77
77
76
78
79
79
80
79
79
79
80
80
79
79
78
78
77
77
76
77
76
76
75
75
76
76
77
78
77
78
78
77
73
72
73
73
72
74
73
73
73
73
75
73
73
74
73
74
74
74
73
73
73
72
71
71
71
71
70
70
72
71
71
72
72
73
72
64
64
63
64
66
64
64
65
64
65
65
65
66
65
64
65
65
65
64
64
64
64
65
65
65
65
65
65
66
66
67
68
68
68
68
58
59
58
59
58
58
58
58
57
57
57
56
57
57
57
58
59
58
59
58
58
58
58
57
57
57
56
57
55
55
55
54
55
56
57
60
61
62
62
62
63
63
63
63
63
63
63
63
62
63
63
61
62
63
64
63
64
63
62
62
62
61
61
62
61
62
62
62
60
66
65
65
64
65
65
65
64
63
64
64
64
66
66
65
66
66
65
65
63
63
64
62
63
63
62
64
63
63
63
63
63
64
63
62
61
62
62
61
61
60
60
61
59
60
61
64
63
63
64
63
63
64
64
64
65
65
64
65
65
64
65
64
64
64
62
62
63
64
63
63
64
64
64
63
63
62
62
62
62
62
62
63
57
57
56
56
56
57
56
56
56
55
54
55
55
54
55
56
57
57
58
58
59
59
59
59
60
59
59
58
58
60
58
58
59
58
61
61
61
62
61
60
61
61
60
59
61
60
60
61
61
61
63
57
56
56
55
54
54
55
56
55
55
56
57
58
58
59
59
60
60
59
60
60
60
59
59
60
60
60
60
60
60
60
60
60
59
59
56
55
54
54
54
53
52
52
51
52
52
53
52
53
53
53
53
57
58
57
58
58
58
58
58
59
60
61
60
61
61
61
62
61
55
55
55
57
57
56
57
56
55
54
54
54
53
53
52
53
52
53
52
52
52
51
49
49
49
48
50
50
49
51
52
51
52
51
51
51
52
52
52
53
52
53
54
54
55
55
54
54
54
53
51
51
51
49
49
48
48
49
46
47
47
47
47
48
47
47
47
46
48
48
46
45
45
44
44
45
46
45
45
44
44
45
45
45
45
45
44
45
44
44
44
44
44
44
43
44
42
42
42
41
40
40
39
40
39
40
39
41
41
41
41
41
42
40
42
43
40
41
41
41
40
41
41
40
40
40
39
40
39
38
38
38
39
39
40
39
39
38
38
39
39
40
40
40
41
40
40
41
41
41
40
40
40
38
38
38
38
38
39
39
39
39
40
40
40
39
40
39
39
38
30
31
29
31
31
31
29
30
30
30
29
30
30
29
31
31
29
30
29
30
31
30
30
30
29
31
30
31
31
31
30
31
29
27
29
28
29
29
29
30
30
30
30
30
29
30
29
29
29
28
28
29
29
24
23
23
22
22
21
23
22
21
21
21
21
21
20
21
22
19
19
18
19
20
19
19
19
19
18
18
18
19
19
19
18
19
25
24
25
25
25
25
24
24
24
24
24
23
23
23
22
22
22
19
19
19
19
19
19
18
18
18
18
18
18
18
18
16
17
17
17
17
14
14
14
14
14
13
14
15
15
14
14
14
13
13
12
12
11
16
16
15
15
14
13
13
13
11
11
10
10
11
12
12
11
10
11
12
12
12
13
13
13
13
14
14
14
15
15
17
16
16
16
16
15
14
13
13
13
12
13
11
12
11
12
12
12
5
5
6
5
4
5
6
6
5
4
4
5
4
3
4
5
9
11
10
11
10
9
10
9
9
9
8
8
8
8
8
8
7
7
8
7
7
7
7
7
8
7
6
6
6
6
6
7
8
8
9
11
11
10
10
10
10
10
10
11
10
11
11
10
11
10
10
10
9
13
14
14
12
12
13
13
13
11
11
11
11
10
11
10
9
9
9
9
10
9
10
10
10
11
10
9
10
11
12
12
13
13
10
9
9
10
9
9
9
9
9
9
8
9
7
8
8
7
7
7
8
6
6
5
7
5
5
3
3
3
2
3
1
2
3
4
4
4
5
6
5
5
4
4
2
3
3
3
3
3
4
3
3
4
5
6
7
6
6
7
6
5
7
6
5
6
6
5
5
6
6
7
7
3
2
2
1
0
1
1
0
0
1
2
1
2
2
3
2
3
3
10
10
11
11
11
11
12
12
12
12
13
12
13
13
13
13
13
12
10
9
10
10
9
10
9
8
8
7
6
6
6
6
5
5
6
14
13
13
12
12
12
11
11
11
12
12
11
12
12
12
11
11
12
12
13
14
13
12
12
12
12
12
11
11
17
17
16
15
14
15
14
15
15
15
16
17
17
17
18
17
19
19
18
17
17
17
17
18
18
19
18
19
19
19
18
17
17
17
18
15
15
15
16
16
16
15
15
15
14
14
15
15
15
13
14
14
13
13
13
14
14
13
14
13
13
12
13
12
12
11
11
11
11
10
9
10
11
12
11
11
12
12
11
12
12
11
10
11
10
9
11
12
14
12
13
13
13
13
14
13
16
16
16
17
16
16
17
16
16
8
9
8
8
8
7
8
10
9
9
10
10
10
8
8
8
8
8
8
9
9
9
8
8
8
9
9
10
8
8
8
8
7
8
8
10
9
10
9
9
8
9
9
8
9
9
10
8
9
9
9
9
10
9
9
9
10
10
11
11
11
11
10
11
9
9
8
7
7
10
11
11
10
10
9
8
8
7
7
6
6
7
8
7
8
9
11
11
11
11
11
11
12
12
14
12
12
13
13
14
14
14
14
14
8
9
9
9
8
8
8
8
7
7
7
7
7
7
8
7
7
7
8
8
7
6
7
7
6
5
7
8
7
9
10
10
11
12
12
12
12
11
12
11
11
11
9
9
7
8
7
8
7
7
8
6
7
7
7
8
8
8
7
8
8
9
9
9
7
7
7
7
7
7
7
7
6
6
5
7
7
8
7
8
8
9
8
10
10
11
12
12
12
12
12
12
11
11
11
10
11
11
10
10
7
6
6
6
6
5
7
5
5
6
6
7
7
8
9
10
10
10
10
11
10
11
10
11
11
10
10
10
10
10
9
9
8
8
7
16
16
16
16
16
14
14
14
14
15
13
13
14
15
15
14
16
16
16
15
15
14
14
13
14
14
14
15
15
15
16
17
16
17
16
15
15
15
15
13
13
13
12
12
12
11
10
10
10
9
9
8
8
8
8
7
6
7
7
6
7
8
9
10
11
12
12
12
12
5
4
4
5
4
4
4
5
6
7
7
7
6
7
7
7
7
7
4
5
5
6
6
5
5
5
4
4
4
3
3
4
3
3
3
10
9
8
8
8
9
8
10
11
11
11
12
13
13
14
13
13
8
9
8
8
9
7
8
8
7
6
7
7
8
8
9
9
8
8
11
10
10
10
10
10
10
10
11
10
10
11
12
13
13
14
14
14
15
14
14
14
14
13
13
12
12
12
11
12
11
11
11
11
10
10
12
12
10
10
11
10
9
8
8
11
11
11
10
10
11
11
12
12
11
12
12
13
13
13
13
14
13
12
12
13
12
13
13
12
13
13
13
14
13
13
12
11
7
8
7
8
8
8
8
8
8
8
8
8
7
8
8
8
8
1
1
2
2
1
2
2
1
2
3
3
3
3
3
3
4
3
3
-1
-2
-1
0
-2
-1
-1
-1
-1
0
-1
-1
-1
1
1
2
1
0
0
1
1
0
0
0
0
0
1
1
1
1
3
3
4
4
2
3
2
1
0
0
0
0
-1
0
0
1
0
1
-2
-2
0
0
-1
0
0
1
1
1
1
1
2
3
3
5
5
5
5
6
6
6
5
6
6
6
5
5
6
5
5
5
5
4
3
4
4
4
4
4
4
5
3
3
4
3
3
3
4
4
5
10
10
10
10
11
12
12
12
13
13
13
12
12
13
11
11
11
12
12
11
12
12
13
12
12
13
13
12
11
11
12
13
13
10
10
10
9
9
8
8
8
10
11
11
12
13
13
12
12
12
11
10
12
13
13
12
12
12
11
12
12
12
11
10
11
11
12
11
13
13
14
14
8
8
8
8
9
9
9
10
10
11
11
12
11
12
11
13
11
12
13
13
12
13
13
13
12
12
11
10
11
10
8
8
8
9
9
9
8
9
9
10
9
7
7
6
5
5
4
5
5
5
6
6
6
6
5
6
6
7
6
6
5
5
5
5
6
6
6
6
6
4
3
5
5
4
4
4
4
5
5
3
4
3
2
2
3
2
4
4
3
3
4
3
3
3
3
3
4
4
4
3
2
2
1
2
2
3
3
3
4
5
5
4
4
5
5
5
5
3
5
4
5
5
5
4
5
5
4
3
3
3
3
4
3
3
4
5
4
6
7
7
6
6
6
7
7
7
8
7
6
7
7
8
8
8
8
10
10
11
12
12
12
13
14
14
14
14
14
14
13
12
12
13
12
15
14
15
14
15
14
14
13
11
12
12
12
12
12
12
12
12
13
12
11
12
12
13
12
11
13
13
13
14
15
13
14
14
14
13
12
12
12
12
12
13
13
13
13
12
12
12
12
12
12
12
6
5
5
4
5
3
3
4
3
4
3
4
4
4
5
5
5
6
7
8
9
10
10
11
10
11
11
11
11
11
11
11
11
12
10
11
10
10
11
12
12
12
12
13
13
13
12
11
12
11
11
10
11
10
10
9
9
8
8
8
9
9
8
9
8
8
9
9
8
9
8
8
7
7
8
8
8
8
8
9
9
9
11
11
11
12
7
8
8
8
8
10
9
10
10
10
11
12
12
12
12
12
12
12
14
14
15
15
17
17
16
15
16
15
15
14
13
12
12
11
11
11
12
10
10
10
10
10
10
10
11
11
11
10
9
10
9
6
7
8
8
8
9
9
9
8
8
8
8
7
7
7
7
6
5
10
11
11
12
12
12
13
13
13
13
13
12
12
11
11
9
10
10
11
11
12
12
12
13
11
12
12
12
13
13
12
11
12
11
11
11
12
13
13
13
13
14
13
14
14
13
13
14
14
14
15
12
13
12
12
13
13
14
14
13
14
14
14
13
14
13
12
14
13
14
5
5
4
5
6
5
6
6
7
7
8
8
8
9
7
7
9
8
4
4
3
4
4
4
5
4
4
4
4
3
2
2
3
5
1
0
0
0
0
-2
-1
-1
-1
0
-2
0
0
2
2
2
3
3
4
4
5
5
4
5
5
4
4
2
1
1
2
1
1
1
2
1
2
2
1
1
1
1
1
1
1
-1
-1
-1
4
5
4
4
5
5
6
6
5
5
3
3
3
1
1
0
2
2
3
4
4
4
3
3
4
4
3
3
2
1
2
1
2
6
5
6
6
5
5
6
4
5
5
6
6
7
7
7
6
5
6
6
6
7
8
6
7
7
7
7
7
6
7
7
7
7
5
5
5
3
3
2
2
1
1
1
1
-1
-1
0
1
0
1
1
1
5
5
4
3
3
2
1
1
1
-1
-1
-1
-1
-1
4
4
5
4
5
5
4
6
5
4
4
4
2
1
1
1
1
0
3
4
3
4
4
6
6
5
5
4
4
3
3
2
2
2
3
3
3
4
4
4
4
4
3
3
4
4
4
3
3
4
3
4
4
3
3
4
4
4
4
4
3
4
3
3
3
3
2
4
2
3
-1
-1
-2
-2
-2
-1
-2
-2
-1
-1
0
0
-1
-2
-2
-2
-3
-2
-3
-2
-3
-4
-3
-3
-2
-1
-2
-1
0
0
1
0
1
1
1
0
-1
-1
-2
-6
-6
-6
-5
-6
-5
-5
-5
-4
-4
-5
-2
-1
-1
0
0
-1
-1
-1
-1
-1
-2
-3
-2
-3
-4
-9
-8
-7
-6
-7
-8
-7
-7
-6
-7
-6
-8
-7
-8
-7
-8
-8
-8
-9
-10
-11
-9
-12
-12
-12
-12
-13
-12
-13
-13
-13
-13
-12
-12
-10
-10
-11
-10
-11
-11
-11
-11
-11
-10
-10
-11
-11
-11
-12
-11
-11
-12
-12
-12
-12
-12
-12
-8
-10
-11
-11
-10
-10
-11
-10
-10
-9
-11
-11
-11
-11
-11
-12
-12
-12
-12
-13
-12
-11
-10
-6
-6
-6
-6
-6
-6
-5
-7
-6
-7
-7
-7
-9
-9
-9
-10
-8
-8
-8
-9
-10
-9
-10
-7
-9
-9
-9
-9
-8
-8
-9
-10
-9
-10
-11
-9
-9
-9
-10
-10
-10
-10
-10
-11
-11
-11
-10
-5
-6
-7
-9
-5
-11
-2
-4
-6
-10
-4
-1
8
10
-8
-18
-6
-1
3
2
-11
-16
7
15
2
-16
-18
-15
-2
4
2
-8
-8
16
0
-13
0
8
-10
9
1
-6
4
15
1
-4
-2
-1
-3
-2
9
-5
-9
4
13
4
-7
-3
17
21
2
-11
3
11
9
8
3
4
-5
-7
1
7
7
5
-8
-11
5
5
-8
-8
5
-5
-11
4
6
-8
-17
-6
5
1
-6
-8
-14
-7
1
1
-4
-9
-4
5
2
-4
-2
2
1
-1
5
7
-2
0
-2
-3
-2
1
2
0
-1
2
1
1
-1
2
3
2
0
1
3
0
-2
2
8
6
8
10
9
9
8
8
7
8
9
9
6
7
8
11
9
5
10
14
14
13
14
16
16
13
13
13
14
13
11
12
15
14
16
14
15
16
16
16
16
17
18
18
19
17
14
13
15
16
12
9
11
14
14
11
12
11
10
11
10
10
9
8
11
11
12
12
12
13
14
13
15
14
16
15
15
15
15
15
14
14
13
12
13
14
14
12
12
17
17
17
16
15
15
15
16
15
15
16
15
17
18
17
17
16
16
10
10
9
11
11
11
11
11
12
12
12
13
13
13
12
12
12
12
13
9
10
9
8
8
8
8
8
8
6
7
7
8
8
9
9
10
16
16
16
15
14
13
14
15
16
16
16
17
17
16
17
17
17
15
16
15
15
14
14
13
14
13
14
14
14
14
13
13
13
13
13
13
12
13
13
13
11
13
12
11
10
10
9
9
10
10
11
11
12
11
14
15
15
14
16
15
16
15
16
16
15
15
15
15
14
15
15
18
19
17
17
19
17
16
16
15
14
14
15
15
14
14
14
15
15
14
16
14
12
12
11
11
12
12
11
9
6
6
8
9
8
10
12
11
10
12
11
11
10
10
13
11
13
12
11
9
13
13
14
15
16
14
15
14
13
15
13
12
13
15
14
13
14
11
12
12
15
14
13
13
15
13
12
11
10
10
9
-5
-5
-4
-4
-4
-3
-2
-1
1
3
5
7
7
7
8
0
1
4
6
6
8
11
14
16
19
21
22
23
23
23
23
21
20
16
14
14
14
14
17
21
27
29
30
31
31
28
25
27
29
32
31
14
12
11
9
8
7
5
4
2
-1
-2
-4
-3
-5
-6
20
18
16
18
19
20
19
16
11
9
9
9
10
10
10
9
7
5
-9
-9
-11
-12
-11
-9
-6
-4
-3
-4
-3
-3
9
9
11
12
13
10
10
11
11
11
12
12
15
14
12
11
10
11
12
12
10
9
9
10
11
11
11
11
10
9
11
12
13
14
14
10
10
10
9
10
9
10
11
13
13
14
14
15
15
14
15
15
15
13
12
12
11
13
13
13
12
12
13
12
13
14
15
14
12
11
11
11
12
11
12
11
13
13
13
13
12
14
13
12
12
14
14
13
12
12
12
12
13
13
14
13
15
13
15
14
14
12
12
10
10
11
7
7
9
9
8
8
9
8
8
9
10
9
8
10
10
9
10
9
9
9
6
6
6
5
5
4
3
3
3
3
3
3
3
3
2
2
2
5
5
4
4
3
2
2
1
0
0
0
0
-1
-1
0
0
-1
-1
-1
0
-2
-2
-4
-5
-5
-5
-5
-4
-4
-12
-12
-13
-13
-13
-12
-11
-9
-10
-7
-7
-6
-6
4
3
2
2
2
3
3
2
1
1
1
0
-1
-1
-3
-12
-11
-10
-11
-11
-12
-12
-12
-12
-13
-15
-12
-8
-7
-7
-5
-4
-4
-4
-4
-3
-4
-3
-2
2
1
0
-2
-2
-3
-4
-2
-1
-1
-1
-2
-1
11
11
10
10
10
11
14
18
20
18
16
15
15
12
9
8
5
4
0
0
1
1
-2
-2
-1
-1
0
3
4
4
5
4
3
-1
-2
-4
-5
-1
5
8
8
7
6
3
0
-6
-7
-7
4
3
5
7
8
8
9
8
6
5
6
8
9
8
7
7
9
7
-4
-6
-7
-5
-4
-4
-6
-7
-7
-6
-7
2
4
3
3
4
6
6
5
7
7
6
4
2
2
3
1
1
2
2
2
2
3
4
2
1
4
1
1
0
0
0
3
1
0
2
0
0
1
0
0
-1
-3
6
1
0
0
-1
5
5
-1
5
4
8
-3
3
-2
1
2
-5
0
2
-1
-3
-4
2
-2
-3
-1
3
2
-9
-6
-5
5
-3
-6
-2
-4
-4
-5
-8
1
-5
-5
-8
-1
-5
-4
-3
-7
-6
-6
0
-7
-6
-2
-1
-3
-6
2
1
1
0
-2
-2
-2
-4
-5
-4
1
1
-2
-6
-5
-4
-2
-1
0
-2
-1
0
2
2
2
1
1
0
1
0
21
18
13
11
6
1
-3
-6
-9
-12
-13
-15
-15
-18
-18
20
14
8
1
-1
-3
-5
-8
-12
-13
-15
-19
-20
59
61
57
52
46
40
36
29
20
11
5
-2
-7
-15
-19
8
8
7
10
16
19
20
21
26
30
30
31
33
32
30
25
26
26
-29
-32
-37
-41
-45
-46
-47
-48
-49
-46
-44
-41
9
6
1
-3
-2
2
4
3
1
3
1
-1
-4
-7
-8
-10
1
0
1
-1
-1
-1
-2
-3
-1
-3
1
2
2
-5
-6
-2
-2
0
-2
0
3
5
3
4
4
6
8
7
0
-4
-3
-1
-1
0
-4
-10
-10
-13
-16
-17
-20
-8
-7
-2
1
6
9
10
12
15
14
13
12
16
20
21
22
22
-3
-1
1
1
2
3
4
7
7
6
8
9
10
8
8
9
8
11
11
11
12
16
19
19
16
20
23
24
21
20
24
27
27
25
24
25
24
19
14
12
12
8
7
5
7
4
0
-1
3
5
6
9
13
16
17
17
18
19
20
22
23
22
21
19
17
17
-14
-13
-14
-13
-13
-9
-5
0
2
4
6
9
10
5
5
7
9
9
10
13
16
17
16
18
21
23
24
23
22
23
-3
-3
-2
0
0
0
-3
-4
-3
-3
-4
-4
-4
6
8
9
10
11
11
9
7
6
6
4
1
2
1
-1
-4
-6
13
15
16
18
19
20
20
20
20
20
20
20
21
20
18
16
15
3
3
2
1
-1
0
-1
-2
-1
-1
-3
-4
-5
5
7
10
6
4
4
2
-2
-5
-6
-5
-10
-12
-13
-11
24
24
23
24
25
24
24
24
22
20
18
15
14
9
6
1
-3
-4
-17
-17
-17
-17
-18
-17
-19
-18
-18
-21
-20
-18
-16
-15
-13
-12
-11
-11
-10
-7
-5
-6
-19
-20
-19
-19
-18
-18
-16
-13
-10
-8
-3
-1
-13
-13
-12
-13
-14
-14
-17
-17
-17
-19
-20
-20
-20
20
20
22
21
23
23
23
25
24
24
24
26
26
27
27
27
26
-32
-32
-33
-35
-35
-35
-38
-40
-44
-47
-51
8
9
10
9
7
6
5
4
3
2
2
1
0
-2
-4
-6
-8
-19
-19
-21
-22
-24
-23
-20
-17
-16
-16
-16
-13
-11
-10
-5
-6
-6
-7
-5
-1
2
4
3
3
3
4
3
7
7
11
-6
0
-1
-3
-4
-10
-11
-10
-10
-10
-15
-20
-26
18
21
19
17
14
10
9
13
14
16
17
18
18
18
22
21
19
17
-13
-11
-10
-10
-10
-9
-9
-10
-9
-6
-3
-2
-29
-31
-32
-32
-32
-32
-31
-30
-30
-32
-33
22
23
21
19
19
18
17
15
16
15
14
14
11
7
6
5
3
2
2
-36
-38
-37
-39
-40
-41
-42
-44
-43
-42
-41
-40
-6
-8
-11
-14
-16
-16
-16
-16
-15
-15
-13
-13
-10
-9
-7
-3
0
5
9
14
16
17
16
14
13
13
13
-14
-15
-17
-19
-21
-23
-21
-22
-22
-21
-20
-20
22
23
24
24
24
24
24
22
20
19
18
17
16
16
16
17
17
17
18
-21
-21
-20
-20
-18
-18
-18
-17
-16
-15
-15
-16
7
7
9
10
10
10
10
9
9
7
8
7
7
5
4
3
-5
-2
0
1
3
4
7
7
8
10
10
10
10
10
12
13
15
16
-10
-9
-10
-11
-12
-12
-11
-10
-11
-9
-8
-9
21
22
24
24
23
23
21
22
21
21
20
21
20
20
19
20
20
-11
-11
-11
-11
-14
-14
-15
-16
-17
-18
-17
-18
12
13
13
12
11
11
11
11
10
9
10
10
8
7
8
9
9
9
10
-23
-22
-24
-23
-22
-25
-25
-25
-26
-25
-25
-2
-1
-1
0
2
3
4
4
5
5
6
7
6
7
9
-14
-14
-13
-13
-13
-13
-15
-14
-14
-15
-14
-15
0
1
0
0
1
1
1
2
2
2
2
2
2
1
1
0
-1
-2
-7
-8
-8
-9
-9
-10
-11
-11
-10
-10
-10
0
0
-2
-3
-4
-3
-3
-3
-3
-2
-3
-2
-6
-6
-6
-8
-7
-7
-6
-7
-6
-6
-5
-4
0
-1
0
0
0
1
1
1
2
2
2
2
2
2
1
0
0
0
-23
-23
-23
-22
-21
-21
-21
-22
-22
-23
-23
-12
-13
-14
-13
-13
-13
-12
-13
-13
-13
-12
-9
-8
-9
-8
-9
-8
-7
-8
-7
-8
-9
-8
2
3
3
4
4
3
3
3
3
4
4
4
3
3
3
4
4
4
4
5
6
5
5
5
5
5
4
5
6
6
6
6
6
7
12
12
12
13
12
11
11
10
10
9
10
9
8
8
8
7
8
2
2
1
1
1
1
1
1
1
1
2
3
3
4
4
4
5
5
-8
-7
-7
-7
-7
-7
-7
-7
-6
-7
-6
-6
7
8
8
8
9
9
8
9
8
8
7
6
7
5
4
5
5
6
5
4
6
6
7
6
7
7
7
8
8
8
5
5
6
6
6
6
6
6
6
7
6
6
5
5
5
5
5
4
4
15
16
14
15
14
15
14
13
14
14
14
15
15
16
15
15
16
15
21
21
20
20
20
21
21
21
23
23
23
22
21
22
22
21
11
12
12
12
12
13
14
13
13
13
12
11
11
10
9
8
7
8
6
6
6
5
6
5
6
6
5
6
6
5
5
5
5
4
3
-10
-10
-10
-9
-9
-9
-11
-11
-11
-12
-11
-13
-16
-16
-15
-14
-14
-13
-13
-12
-13
-13
-13
-16
-16
-16
-16
-15
-13
-14
-13
-14
-14
-15
-5
-4
-5
-5
-6
-5
-5
-5
-6
-6
-5
-5
-7
-7
-8
-6
-7
-7
-6
-6
-7
-7
-7
-6
-4
-5
-4
-5
-3
-3
-3
-3
-4
-5
-4
-5
-5
-6
-7
-6
-6
-7
-8
-8
-9
-8
-10
-10
-10
-10
-11
-10
-9
-10
-10
-11
-10
-12
-13
-12
-12
-13
-13
-14
-13
-12
-12
-11
-11
-12
-12
-7
-7
-7
-8
-7
-8
-7
-6
-6
-6
-6
-6
-7
-6
-5
-6
-4
-4
-3
-3
-4
-4
0
1
1
1
1
1
1
2
1
-1
1
0
-1
-1
-1
2
2
3
3
4
4
4
3
4
4
5
4
5
5
4
4
4
3
4
4
4
5
5
4
4
4
7
7
7
7
8
6
6
6
6
5
6
6
6
4
5
4
3
-1
-1
0
0
1
1
0
0
0
0
0
1
1
1
0
1
1
4
5
4
5
5
4
4
4
4
5
5
6
5
4
4
4
3
3
-3
-2
-3
-3
-3
-4
-4
-4
-4
-6
-5
5
5
5
5
5
6
5
3
4
5
3
4
4
4
5
3
5
3
4
3
4
4
4
4
4
4
4
3
4
3
5
4
4
5
4
3
3
4
4
4
4
5
4
4
4
3
2
2
2
1
0
-1
-1
0
0
0
0
0
0
-1
-2
-2
-4
-3
-3
5
5
4
4
3
3
2
1
1
0
1
1
1
2
2
2
3
2
3
3
3
3
4
5
4
5
4
4
3
4
4
4
4
3
4
8
8
9
8
8
7
7
7
6
5
5
5
5
4
3
4
4
4
0
-1
0
0
0
0
-1
-1
-1
0
-1
0
2
1
-2
-2
-1
-1
0
0
1
1
1
2
1
2
1
2
1
2
3
3
4
4
4
4
4
2
3
2
1
0
0
0
0
0
0
-1
0
0
-1
-1
-2
-1
-2
-1
-1
-1
-1
-1
-1
0
0
-1
1
-1
0
-1
-1
-1
-2
-2
-1
-1
-2
-1
-2
-3
-2
-4
-3
-2
-4
4
5
4
5
5
4
5
3
2
1
1
0
0
-1
-1
-1
2
2
2
3
3
2
2
2
3
2
3
4
5
5
6
6
6
6
0
-1
-1
-1
-1
0
1
0
0
2
1
1
1
2
2
-1
-1
0
0
0
-1
-1
-2
-1
-3
-2
-3
3
3
1
2
3
2
1
1
0
0
0
0
0
-1
-1
0
1
1
2
2
3
3
3
5
4
3
3
2
3
2
2
2
2
2
2
2
2
2
2
3
3
3
3
1
0
0
0
-1
0
0
0
5
4
4
4
4
5
4
4
4
3
3
3
4
3
4
3
4
0
0
0
1
-1
0
1
0
0
-1
-1
0
-1
-1
-1
1
1
2
1
2
3
4
2
3
3
2
2
0
1
1
1
1
3
2
0
0
0
-1
-1
-1
-2
-2
-4
-2
-2
-2
-5
-4
-3
-4
-3
-3
-2
-1
-2
-1
-2
-3
-3
-3
-3
-4
-3
-3
-3
-3
-3
-2
-3
-3
-2
-2
-3
-2
-2
-1
0
0
2
1
1
1
1
0
0
1
2
1
1
0
1
0
0
0
1
1
0
0
0
1
6
5
5
5
3
4
4
3
3
4
3
3
4
4
4
4
4
5
5
6
6
11
11
10
11
8
9
9
10
9
10
9
8
8
7
8
7
9
7
9
9
9
9
9
10
9
9
9
9
9
9
10
10
10
10
10
12
11
11
12
12
12
13
13
13
14
12
14
12
12
11
10
4
3
2
4
5
5
6
5
6
6
6
6
7
8
8
8
9
8
8
7
6
5
4
5
5
6
5
6
6
6
5
6
5
5
5
6
-1
-1
1
1
1
2
3
3
2
2
2
1
2
3
2
1
-3
-5
-5
-4
-5
-5
-5
-4
-5
-3
-3
-9
-8
-9
-8
-10
-9
-10
-11
-11
-10
-10
-10
-4
-3
-2
-3
-2
-3
-4
-3
-5
-3
-3
-3
0
2
0
0
1
-1
1
1
1
1
1
0
1
1
1
0
0
1
1
1
1
1
2
2
2
2
3
3
3
4
3
3
5
5
5
6
6
6
7
6
6
6
6
5
6
5
5
5
4
4
5
6
4
4
3
3
2
1
1
2
1
2
2
3
3
4
5
5
5
1
0
2
1
2
1
2
2
1
1
2
1
1
1
1
1
-4
-3
-4
-4
-4
-3
-4
-4
-4
-4
-4
-3
-3
-3
-3
-3
-4
-5
-4
-4
-5
-4
-5
-5
-5
-4
-4
-7
-8
-8
-7
-8
-8
-7
-5
-5
-5
-4
-10
-10
-11
-11
-11
-12
-11
-11
-13
-13
-13
-15
-14
-14
-14
-14
-13
-12
-10
-11
-11
-11
-12
-13
-12
-12
-11
-10
-11
-12
-11
-11
-11
-12
-10
-8
-8
-9
-8
-9
-9
-10
-9
-9
-9
-8
-3
-4
-4
-4
-5
-5
-5
-6
-7
-7
-7
-11
-9
-9
-10
-8
-9
-9
-9
-9
-8
-8
-8
-8
-6
-7
-7
-8
-10
-9
-8
-9
-8
-8
-8
-8
-8
-8
-8
-8
-8
-8
-10
-10
-10
-10
-10
-5
-5
-5
-5
-5
-6
-5
-6
-6
-6
-6
-3
-3
-3
-3
-2
-2
-2
-1
0
0
1
-1
-2
-6
-7
-7
-7
-7
-6
-6
-5
-4
-3
-4
-3
0
1
0
1
1
1
1
1
1
1
0
1
0
1
0
0
-3
-5
-4
-4
-3
-5
-5
-6
-7
-6
-9
-4
-4
-4
-4
-3
-5
-4
-4
-4
-6
-7
-7
3
3
4
4
3
3
4
2
1
1
1
0
1
1
1
1
2
2
-2
-2
-2
-1
-2
-2
-1
-2
-1
-1
-1
0
4
5
5
5
6
5
7
6
6
6
7
6
6
6
6
6
5
5
5
6
6
6
6
6
7
7
6
6
6
6
6
7
7
8
4
4
4
4
5
4
5
4
5
5
7
6
6
7
7
8
7
7
8
9
9
9
9
9
9
10
10
10
9
10
9
9
9
8
7
7
7
7
7
6
6
5
6
6
7
8
8
8
8
9
6
6
7
0
0
0
1
0
0
1
1
2
0
1
1
1
1
2
2
1
0
8
9
10
9
10
10
9
10
10
9
8
9
9
9
9
10
11
11
10
10
10
10
11
10
11
11
10
8
9
8
8
8
8
8
8
8
9
10
10
10
10
11
11
10
11
10
9
10
10
11
10
9
5
5
5
5
4
5
4
3
3
4
4
5
4
3
3
3
4
5
4
4
4
3
4
4
3
3
4
4
3
4
4
5
4
4
4
-6
-7
-7
-8
-6
-7
-7
-6
-6
-7
-7
-8
-3
-4
-3
-4
-5
-4
-4
-3
-4
-3
-3
-5
-4
-3
-4
-4
-4
-4
-4
-4
-4
-4
-4
-4
2
2
2
1
-1
0
-1
-1
-1
-1
0
0
1
1
2
2
2
1
1
0
1
0
0
-1
0
0
0
1
1
1
0
-3
-1
-3
-2
-2
-1
-1
0
0
1
0
1
0
0
0
1
0
-1
0
-1
0
-1
-1
-1
-2
-1
-1
-2
-1
-1
1
-1
0
0
-1
1
1
2
2
2
2
4
5
3
4
4
4
6
6
9
8
9
10
11
11
11
11
12
12
12
12
10
9
9
10
9
9
8
7
8
7
6
6
5
6
5
5
5
6
5
5
5
5
6
6
7
13
12
12
11
10
11
11
12
12
12
11
11
11
12
10
10
9
12
11
12
11
12
11
11
10
10
10
8
9
9
8
9
10
8
11
11
10
9
9
10
10
12
14
14
14
14
15
15
16
16
16
18
19
17
18
19
19
19
19
19
19
19
18
17
17
18
17
17
16
16
19
18
18
19
18
18
17
16
17
17
16
17
17
18
18
17
18
14
14
14
14
14
13
13
14
14
13
14
15
15
15
14
13
14
13
13
14
15
16
15
15
16
15
15
15
15
15
14
14
14
14
13
12
11
12
12
12
11
12
13
12
13
12
12
13
12
11
11
11
10
4
5
4
4
4
5
4
5
6
5
6
6
7
7
8
8
8
7
7
6
6
6
6
4
4
4
2
2
3
2
3
3
3
4
6
6
7
7
7
7
7
7
7
7
7
7
6
7
6
7
7
13
14
14
14
14
13
14
13
13
12
12
11
11
11
10
9
10
9
10
9
9
10
10
11
11
10
10
10
10
5
6
5
5
6
7
6
7
6
6
6
7
6
6
7
6
6
6
6
6
7
6
6
6
6
7
6
6
6
6
6
5
6
7
7
8
8
9
8
8
9
10
9
9
10
11
10
9
10
10
10
9
9
-5
-5
-4
-2
-3
-2
-1
-3
-3
-3
-3
-7
-7
-7
-5
-4
-5
-5
-4
-5
-5
-5
-11
-10
-10
-9
-8
-7
-7
-8
-9
-9
-9
-10
-10
-9
-9
-10
-11
-11
-12
-12
-12
-12
-11
-12
-9
-9
-9
-9
-9
-9
-8
-8
-8
-7
-7
-7
-8
-7
-8
-7
-7
-7
-6
-7
-6
-6
-9
-8
-9
-8
-9
-9
-9
-9
-9
-9
-9
-8
-10
-9
-10
-11
-10
-10
-10
-9
-10
-10
-10
-8
-10
-10
-11
-11
-11
-11
-11
-11
-10
-10
-10
-8
-8
-8
-7
-7
-6
-6
-6
-6
-6
-5
-10
-8
-8
-7
-6
-5
-5
-4
-4
-4
-4
-4
-10
-11
-10
-11
-9
-9
-10
-10
-11
-11
-11
-10
-11
-12
-12
-11
-11
-11
-11
-10
-11
-10
-10
-11
-11
-10
-11
-10
-11
-10
-10
-10
-11
-11
-12
-12
-11
-11
-12
-13
-13
-12
-12
-12
-12
-13
-5
-7
-6
-7
-8
-8
-8
-7
-8
-7
-7
-7
-2
-4
-3
-5
-4
-5
-6
-7
-7
-6
-7
-6
3
3
3
3
3
1
1
1
1
1
1
0
1
1
3
2
3
3
4
5
5
5
5
5
5
6
5
5
5
4
5
4
4
4
4
5
4